examples/data/precip_1.asc
ncols        144
nrows        72
xllcorner    0.000000000000
yllcorner    -90.000000000000
cellsize     2.500000000000
NODATA_value -9.9692099683868690468e+36
[rows 0 to 18 of 72, columns 82 to 122 of 144]
1.0099999904632568359 1.0299999713897705078 1.0499999523162841797 1.0599999427795410156 1.0700000524520874023 1.0700000524520874023 1.0800000429153442383 1.0700000524520874023 1.0700000524520874023 1.0700000524520874023 1.0599999427795410156 1.0499999523162841797 1.0299999713897705078 1.0199999809265136719 1.0099999904632568359 1 1 0.99000000953674316406 0.97000002861022949219 0.97000002861022949219 0.95999997854232788086 0.94999998807907104492 0.93000000715255737305 0.91000002622604370117 0.89999997615814208984 0.88999998569488525391 0.87999999523162841797 0.87000000476837158203 0.85000002384185791016 0.85000002384185791016 0.85000002384185791016 0.85000002384185791016 0.85000002384185791016 0.85000002384185791016 0.86000001430511474609 0.87000000476837158203 0.87999999523162841797 0.89999997615814208984 0.92000001668930053711 0.93999999761581420898 0.94999998807907104492
0.92000001668930053711 0.89999997615814208984 0.87999999523162841797 0.86000001430511474609 0.83999997377395629883 0.81999999284744262695 0.81999999284744262695 0.81000000238418579102 0.81000000238418579102 0.81000000238418579102 0.81999999284744262695 0.82999998331069946289 0.85000002384185791016 0.87000000476837158203 0.89999997615814208984 0.93000000715255737305 0.94999998807907104492 0.95999997854232788086 0.95999997854232788086 0.93999999761581420898 0.91000002622604370117 0.86000001430511474609 0.79000002145767211914 0.72000002861022949219 0.67000001668930053711 0.62999999523162841797 0.58999997377395629883 0.55000001192092895508 0.51999998092651367188 0.5 0.5 0.49000000953674316406 0.49000000953674316406 0.5 0.50999999046325683594 0.54000002145767211914 0.57999998331069946289 0.62999999523162841797 0.68000000715255737305 0.73000001907348632812 0.81000000238418579102
0.66000002622604370117 0.58999997377395629883 0.50999999046325683594 0.44999998807907104492 0.40000000596046447754 0.36000001430511474609 0.34000000357627868652 0.33000001311302185059 0.33000001311302185059 0.33000001311302185059 0.34999999403953552246 0.37999999523162841797 0.43999999761581420898 0.55000001192092895508 0.70999997854232788086 0.88999998569488525391 1.1100000143051147461 1.3400000333786010742 1.4700000286102294922 1.4400000572204589844 1.2599999904632568359 0.99000000953674316406 0.72000002861022949219 0.51999998092651367188 0.41999998688697814941 0.36000001430511474609 0.31000000238418579102 0.27000001072883605957 0.25 0.23000000417232513428 0.23999999463558197021 0.25999999046325683594 0.30000001192092895508 0.40000000596046447754 0.56999999284744262695 0.81000000238418579102 1.1000000238418579102 1.3899999856948852539 1.620000004768371582 1.7400000095367431641 1.7300000190734863281
0.86000001430511474609 0.93999999761581420898 0.97000002861022949219 1 0.98000001907348632812 0.85000002384185791016 0.68000000715255737305 0.51999998092651367188 0.40000000596046447754 0.33000001311302185059 0.28999999165534973145 0.28000000119209289551 0.30000001192092895508 0.38999998569488525391 0.56000000238418579102 0.77999997138977050781 1.0499999523162841797 1.3099999427795410156 1.4400000572204589844 1.3899999856948852539 1.1399999856948852539 0.81999999284744262695 0.57999998331069946289 0.46999999880790710449 0.80000001192092895508 0.81000000238418579102 0.33000001311302185059 0.23000000417232513428 0.76999998092651367188 0.73000001907348632812 0.68000000715255737305 0.62999999523162841797 0.57999998331069946289 0.54000002145767211914 0.58999997377395629883 0.47999998927116394043 0.40000000596046447754 0.34000000357627868652 0.30000001192092895508 0.27000001072883605957 0.23999999463558197021
1.1799999475479125977 1.3099999427795410156 1.3600000143051147461 1.379999995231628418 1.2799999713897705078 1.0499999523162841797 0.82999998331069946289 0.62000000476837158203 0.43999999761581420898 0.31000000238418579102 0.23000000417232513428 0.23999999463558197021 0.28999999165534973145 0.31999999284744262695 0.38999998569488525391 0.49000000953674316406 0.58999997377395629883 0.70999997854232788086 0.81999999284744262695 0.91000002622604370117 0.93000000715255737305 0.74000000953674316406 0.69999998807907104492 0.75999999046325683594 0.77999997138977050781 0.77999997138977050781 0.76999998092651367188 0.31000000238418579102 0.41999998688697814941 0.56000000238418579102 0.49000000953674316406 0.41999998688697814941 0.46000000834465026855 0.62999999523162841797 0.070000000298023223877 0.050000000745058059692 0.10999999940395355225 0 0 0 0
0.91000002622604370117 0.86000001430511474609 0.69999998807907104492 0.55000001192092895508 0.43999999761581420898 0.34999999403953552246 0.28000000119209289551 0.21999999880790710449 0.18000000715255737305 0.15999999642372131348 0.15000000596046447754 0.18000000715255737305 0.18000000715255737305 0.20999999344348907471 0.28999999165534973145 0.37000000476837158203 0.49000000953674316406 0.67000001668930053711 0.75999999046325683594 0.75999999046325683594 0.82999998331069946289 0.79000002145767211914 0.75999999046325683594 0.70999997854232788086 0.67000001668930053711 0.74000000953674316406 0.77999997138977050781 0.79000002145767211914 0.89999997615814208984 0.87000000476837158203 0.33000001311302185059 0.38999998569488525391 0.62999999523162841797 0.97000002861022949219 0.97000002861022949219 0.059999998658895492554 0.059999998658895492554 0.079999998211860656738 0.10999999940395355225 0.14000000059604644775 0
0.46999999880790710449 0.40999999642372131348 0.25 0.12999999523162841797 0.019999999552965164185 0.0099999997764825820923 0.029999999329447746277 0.070000000298023223877 0.11999999731779098511 0.18000000715255737305 0.23999999463558197021 0.17000000178813934326 0.050000000745058059692 0.059999998658895492554 0.059999998658895492554 0.050000000745058059692 0.059999998658895492554 0.5 0.57999998331069946289 0.37000000476837158203 0.51999998092651367188 0.56999999284744262695 0.62999999523162841797 0.55000001192092895508 0.74000000953674316406 0.82999998331069946289 1.0299999713897705078 1.1799999475479125977 1.3099999427795410156 1.6900000572204589844 0.51999998092651367188 0.54000002145767211914 0.68000000715255737305 0.92000001668930053711 1.120000004768371582 0.93000000715255737305 0.76999998092651367188 0.61000001430511474609 0.52999997138977050781 0.25 0.28000000119209289551
0 0 0 0.050000000745058059692 0.059999998658895492554 0.059999998658895492554 0.079999998211860656738 0.10000000149011611938 0.15999999642372131348 0.21999999880790710449 0.23999999463558197021 0.15999999642372131348 0 0 0 0 0 0 0 0.0099999997764825820923 0 0.23999999463558197021 0.44999998807907104492 0.28999999165534973145 0.23999999463558197021 0.62999999523162841797 0.81999999284744262695 1.5800000429153442383 1.4700000286102294922 1.6100000143051147461 1.5 1.2300000190734863281 0.69999998807907104492 0.51999998092651367188 0.76999998092651367188 1.0499999523162841797 0.68000000715255737305 0.62999999523162841797 0.68999999761581420898 0.86000001430511474609 1.9199999570846557617
0.059999998658895492554 0 0 0 0 0 0 0 0 0 0 0 0 0 0 0 0 0 0 0 0.15999999642372131348 0.33000001311302185059 0.43000000715255737305 0.30000001192092895508 0.050000000745058059692 0.039999999105930328369 0.10999999940395355225 0.46000000834465026855 0.85000002384185791016 0.41999998688697814941 0.80000001192092895508 0.14000000059604644775 0.68000000715255737305 0.21999999880790710449 0.93000000715255737305 2.2000000476837158203 0.46999999880790710449 0.46000000834465026855 0.92000001668930053711 1.8400000333786010742 3.3599998950958251953
0.33000001311302185059 0 0.019999999552965164185 0.039999999105930328369 0 0 0.15000000596046447754 0.10999999940395355225 0.090000003576278686523 0.019999999552965164185 0 0 0 0 0 0 0 0 0 0 0.27000001072883605957 0.55000001192092895508 0.63999998569488525391 0.46999999880790710449 0.18999999761581420898 0 0 0.20000000298023223877 0.52999997138977050781 0.47999998927116394043 0.82999998331069946289 1.0800000429153442383 1.3200000524520874023 1.4900000095367431641 1.8300000429153442383 3.0599999427795410156 0.75999999046325683594 1.1100000143051147461 2.2400000095367431641 3.8499999046325683594 5.9699997901916503906
0 0 0 0 0 0 0 0 0 0 0 0 0 0 0.029999999329447746277 0 0 0 0 0.18999999761581420898 0.30000001192092895508 0.49000000953674316406 0.58999997377395629883 0.74000000953674316406 0.67000001668930053711 0.43000000715255737305 0.25999999046325683594 0.83999997377395629883 0.98000001907348632812 1.4099999666213989258 0.95999997854232788086 1.2799999713897705078 0.77999997138977050781 1.2200000286102294922 1.4600000381469726562 1.7400000095367431641 1.4400000572204589844 1.5099999904632568359 2.6600000858306884766 4.9499998092651367188 7.1100001335144042969
0.55000001192092895508 0.31000000238418579102 0.15999999642372131348 0.15999999642372131348 0.14000000059604644775 0.050000000745058059692 0.029999999329447746277 0 0 0.029999999329447746277 0.090000003576278686523 0.090000003576278686523 0.10999999940395355225 0.28999999165534973145 0.28000000119209289551 0 0.050000000745058059692 0.20000000298023223877 0.5 0.76999998092651367188 0.66000002622604370117 0.77999997138977050781 0.56999999284744262695 1.0499999523162841797 1.3200000524520874023 0.76999998092651367188 0.50999999046325683594 0.52999997138977050781 0.91000002622604370117 1.3600000143051147461 0.79000002145767211914 0.81999999284744262695 0.40000000596046447754 0.56999999284744262695 1.2000000476837158203 1.4099999666213989258 1.7100000381469726562 1.3400000333786010742 1.9900000095367431641 3.2799999713897705078 5.5700001716613769531
10.81999969482421875 3.3699998855590820312 4.2899999618530273438 3.4200000762939453125 0.82999998331069946289 0.090000003576278686523 0.12999999523162841797 0.25999999046325683594 0.37999999523162841797 0.40999999642372131348 0.34999999403953552246 0.27000001072883605957 0.30000001192092895508 0.31000000238418579102 0.21999999880790710449 0.029999999329447746277 0.050000000745058059692 0.40000000596046447754 0.54000002145767211914 0.77999997138977050781 0.79000002145767211914 0.72000002861022949219 0.58999997377395629883 0.91000002622604370117 1.4800000190734863281 1.1100000143051147461 0.79000002145767211914 0.44999998807907104492 0.47999998927116394043 0.81999999284744262695 0.15000000596046447754 0.75 0.93999999761581420898 1.2699999809265136719 1.8500000238418579102 2.4000000953674316406 2.0099999904632568359 1.4700000286102294922 2.1400001049041748047 2.1300001144409179688 2.5899999141693115234
5.8299999237060546875 8.4499998092651367188 5.75 2.7000000476837158203 2.4900000095367431641 1.129999995231628418 1.0499999523162841797 0.94999998807907104492 1.6599999666213989258 1.4299999475479125977 1.8200000524520874023 0.94999998807907104492 0.83999997377395629883 0.68000000715255737305 0.38999998569488525391 0.15999999642372131348 0.18999999761581420898 0.17000000178813934326 0.25999999046325683594 0.10999999940395355225 0.46999999880790710449 0.87999999523162841797 0.50999999046325683594 0.20999999344348907471 0.76999998092651367188 0.72000002861022949219 0.54000002145767211914 0.46000000834465026855 0.30000001192092895508 0.62000000476837158203 0.28999999165534973145 0.97000002861022949219 1.4600000381469726562 1.9400000572204589844 2.25 2.1300001144409179688 2.1800000667572021484 1.8400000333786010742 2.8699998855590820312 2.8299999237060546875 2.4800000190734863281
9.9600000381469726562 8.1899995803833007812 7.9600000381469726562 6.090000152587890625 5.6500000953674316406 2.4600000381469726562 1.9400000572204589844 1.3600000143051147461 2.3699998855590820312 3.0699999332427978516 3.9500000476837158203 2.1099998950958251953 1.8899999856948852539 1.2799999713897705078 0.51999998092651367188 0.30000001192092895508 0.40999999642372131348 0.18999999761581420898 0.17000000178813934326 0 0.10000000149011611938 0.11999999731779098511 0.23000000417232513428 0.079999998211860656738 0.56999999284744262695 0.69999998807907104492 0.38999998569488525391 0.18000000715255737305 0.30000001192092895508 0.56000000238418579102 2.0999999046325683594 1.9900000095367431641 2.0899999141693115234 2.4900000095367431641 3.2899999618530273438 3.6099998950958251953 3.25 3.4100000858306884766 3.0199999809265136719 2.4900000095367431641 2.1700000762939453125
4.9499998092651367188 5.7100000381469726562 5.0199999809265136719 6.6199998855590820312 6.840000152587890625 7.5599999427795410156 4.4200000762939453125 2.2200000286102294922 3.3099999427795410156 5.4600000381469726562 2.75 2.5299999713897705078 1.3999999761581420898 0.92000001668930053711 0.33000001311302185059 0.18999999761581420898 0.55000001192092895508 0.43999999761581420898 0.15000000596046447754 0.15999999642372131348 0.18000000715255737305 0.15999999642372131348 0.37999999523162841797 0.21999999880790710449 0.43999999761581420898 0.43999999761581420898 0.18999999761581420898 0.41999998688697814941 0.93000000715255737305 1.879999995231628418 3.0999999046325683594 3.2000000476837158203 3.5499999523162841797 4.4400000572204589844 5.340000152587890625 6.1700000762939453125 4.6900000572204589844 4.2600002288818359375 4.1300001144409179688 4.4299998283386230469 1.8500000238418579102
2.3900001049041748047 1.7599999904632568359 1.9299999475479125977 5.1999998092651367188 3.5599999427795410156 11.130000114440917969 8.4499998092651367188 6.6300001144409179688 5.0700001716613769531 5.1100001335144042969 2.1300001144409179688 0.57999998331069946289 0.059999998658895492554 0 0.039999999105930328369 0.10999999940395355225 0.46999999880790710449 0.52999997138977050781 0.20999999344348907471 0.36000001430511474609 0.059999998658895492554 0.15000000596046447754 0.28000000119209289551 0.10999999940395355225 0.15000000596046447754 0.15000000596046447754 0.10000000149011611938 1.2000000476837158203 2.0699999332427978516 2.8800001144409179688 4.5500001907348632812 4.8499999046325683594 5.8299999237060546875 7.3800001144409179688 7.3800001144409179688 6.1199998855590820312 5.1199998855590820312 4.6500000953674316406 4.3699998855590820312 3.4100000858306884766 1.879999995231628418
3.3199999332427978516 2.7999999523162841797 1.5700000524520874023 3.7200000286102294922 3.7699999809265136719 5.0700001716613769531 8 6.8099999427795410156 4.9899997711181640625 4 2.6400001049041748047 1.870000004768371582 0.18999999761581420898 0.059999998658895492554 0.059999998658895492554 0.28999999165534973145 0.40000000596046447754 0.62000000476837158203 0.41999998688697814941 0.15000000596046447754 0.17000000178813934326 0.059999998658895492554 0.039999999105930328369 0.14000000059604644775 0 0.070000000298023223877 0.47999998927116394043 1.2400000095367431641 3.8199999332427978516 5.1100001335144042969 6.4600000381469726562 6.25 7.7899999618530273438 10.359999656677246094 7.4600000381469726562 9.68000030517578125 5.0500001907348632812 3.0399999618530273438 3.1199998855590820312 4.4400000572204589844 3.4700000286102294922
4.3499999046325683594 2 1.5399999618530273438 2.5799999237060546875 3.0299999713897705078 4.8499999046325683594 7.909999847412109375 4.5799999237060546875 3.0899999141693115234 2.9200000762939453125 2.5999999046325683594 2.6300001144409179688 0.17000000178813934326 0.039999999105930328369 0.30000001192092895508 0.46000000834465026855 0.33000001311302185059 0.20999999344348907471 0.28999999165534973145 0.36000001430511474609 0.070000000298023223877 0.18999999761581420898 0.029999999329447746277 0.039999999105930328369 0.25 1.4199999570846557617 2.9500000476837158203 4.2800002098083496094 5.1199998855590820312 7.9699997901916503906 8.56999969482421875 5.9000000953674316406 7.1100001335144042969 9.0500001907348632812 8.520000457763671875 8.6300001144409179688 5.6300001144409179688 2.5199999809265136719 3.0999999046325683594 8.3000001907348632812 5.3299999237060546875
