examples/data/precip_1.asc
ncols        144
nrows        72
xllcorner    0.000000000000
yllcorner    -90.000000000000
cellsize     2.500000000000
NODATA_value -9.9692099683868690468e+36
[rows 19 to 37 of 72, columns 41 to 81 of 144]
0 0 0 0 0 0 0 0 0.070000000298023223877 0.12999999523162841797 0.20999999344348907471 0.12999999523162841797 0.34000000357627868652 0.40000000596046447754 0.82999998331069946289 0.60000002384185791016 0.0099999997764825820923 0.31999999284744262695 0.58999997377395629883 0.66000002622604370117 1.1499999761581420898 0.81000000238418579102 1.1499999761581420898 2.3900001049041748047 2.9400000572204589844 3.1099998950958251953 2.4600000381469726562 2.1900000572204589844 2 2.4800000190734863281 2.4500000476837158203 4.6900000572204589844 4.4699997901916503906 6.0399999618530273438 5.6500000953674316406 4.909999847412109375 3.6400001049041748047 5.5199999809265136719 4.409999847412109375 7.3899998664855957031 4.5500001907348632812
0 0 0 0 0 0 0 0 0.18000000715255737305 0.12999999523162841797 0.039999999105930328369 0.28000000119209289551 0.86000001430511474609 1.2300000190734863281 3.4100000858306884766 1 0.68000000715255737305 1.4400000572204589844 2.2699999809265136719 1.629999995231628418 1.3099999427795410156 1.5399999618530273438 2.2799999713897705078 3.0799999237060546875 3.3599998950958251953 6.409999847412109375 3.0899999141693115234 3.25 2.5099999904632568359 3.4200000762939453125 3.2999999523162841797 2.6500000953674316406 9.3500003814697265625 10.029999732971191406 9.9399995803833007812 3.0499999523162841797 4.8200001716613769531 5.9600000381469726562 3.8599998950958251953 6.3699998855590820312 10.039999961853027344
0 0 0 0 0 0 0 0 0.079999998211860656738 0.059999998658895492554 0.019999999552965164185 0.28000000119209289551 1.379999995231628418 3.2300000190734863281 1.0199999809265136719 0.039999999105930328369 1.8899999856948852539 4.5 2.6199998855590820312 2.1900000572204589844 2.5999999046325683594 3.9100000858306884766 3.1900000572204589844 3.6900000572204589844 5.590000152587890625 7.4000000953674316406 4.7300000190734863281 5.3899998664855957031 5.5399999618530273438 6.6999998092651367188 3.6099998950958251953 2.3699998855590820312 7.8000001907348632812 10.300000190734863281 4.7399997711181640625 2.9300000667572021484 5.6500000953674316406 6.840000152587890625 4.8299999237060546875 5.1399998664855957031 9.1300001144409179688
0 0 0 0 0 0 0 0.050000000745058059692 0.33000001311302185059 0.0099999997764825820923 0.27000001072883605957 0.10999999940395355225 0.20999999344348907471 0.0099999997764825820923 0.070000000298023223877 2.4000000953674316406 3.3800001144409179688 5.2300000190734863281 4.8699998855590820312 3.6400001049041748047 5.1500000953674316406 6.8299999237060546875 8.729999542236328125 9.6199998855590820312 9.8000001907348632812 4.8499999046325683594 3.2699999809265136719 4.9000000953674316406 1.8099999427795410156 2.7799999713897705078 2.4000000953674316406 1.629999995231628418 1.4400000572204589844 2.5899999141693115234 2.6199998855590820312 3.9800000190734863281 4.5799999237060546875 4.1999998092651367188 5.0100002288818359375 4.4499998092651367188 3.8099999427795410156
0.019999999552965164185 0.039999999105930328369 0.019999999552965164185 0.070000000298023223877 0.10999999940395355225 0.31999999284744262695 1.2899999618530273438 1.2799999713897705078 1.120000004768371582 0.46999999880790710449 0.73000001907348632812 0.60000002384185791016 0.82999998331069946289 1.629999995231628418 2.0399999618530273438 3.1199998855590820312 5.5599999427795410156 5.0300002098083496094 4.7800002098083496094 5.5399999618530273438 5.4699997901916503906 6.5999999046325683594 5.6999998092651367188 3.0499999523162841797 6.5399999618530273438 2.6099998950958251953 2.2400000095367431641 2.0199999809265136719 0.64999997615814208984 0.92000001668930053711 0.92000001668930053711 0.56999999284744262695 2.1400001049041748047 1.5399999618530273438 5.090000152587890625 4.3299999237060546875 4.7300000190734863281 2.5599999427795410156 2.5599999427795410156 2.4800000190734863281 6.7899999618530273438
0.17000000178813934326 0.43999999761581420898 0.54000002145767211914 1.1799999475479125977 0.68000000715255737305 0.69999998807907104492 1.2699999809265136719 1.6000000238418579102 0.92000001668930053711 1.5700000524520874023 2.1500000953674316406 1.5099999904632568359 1.3300000429153442383 3.0099999904632568359 2.5299999713897705078 2.4100000858306884766 4.8000001907348632812 6.4299998283386230469 6.1399998664855957031 5.5399999618530273438 8.2200002670288085938 7.3800001144409179688 2.3699998855590820312 1.8300000429153442383 3.8599998950958251953 1.5599999427795410156 0.44999998807907104492 0.25 0.75 1.2100000381469726562 1.1100000143051147461 0.87999999523162841797 3.8900001049041748047 5.5700001716613769531 4.340000152587890625 3.1199998855590820312 2.9800000190734863281 2.2599999904632568359 2.6099998950958251953 6.1999998092651367188 4.4899997711181640625
0.079999998211860656738 1.0499999523162841797 4.2899999618530273438 5.1999998092651367188 1.9900000095367431641 0.49000000953674316406 0.57999998331069946289 0.87000000476837158203 1.3600000143051147461 7.3499999046325683594 3.5199999809265136719 1.0199999809265136719 0.92000001668930053711 4.1300001144409179688 3.7200000286102294922 5.2800002098083496094 7.25 8.7799997329711914062 4.1100001335144042969 3.7799999713897705078 4.2600002288818359375 1.4099999666213989258 3.4200000762939453125 0.52999997138977050781 0.62999999523162841797 0.55000001192092895508 0.40000000596046447754 0.77999997138977050781 1.5700000524520874023 0.89999997615814208984 1.1699999570846557617 0.93999999761581420898 1.8300000429153442383 1.3600000143051147461 2.4200000762939453125 3.5199999809265136719 2.1700000762939453125 2.0699999332427978516 2.7200000286102294922 2.0099999904632568359 2.2400000095367431641
0.60000002384185791016 3.9500000476837158203 7.4600000381469726562 3.2400000095367431641 1.6599999666213989258 0.50999999046325683594 0.11999999731779098511 0.66000002622604370117 1.5299999713897705078 2.5399999618530273438 1.4500000476837158203 1.0599999427795410156 1.0199999809265136719 4.6399998664855957031 7.5100002288818359375 5.1799998283386230469 6.0799999237060546875 4.659999847412109375 4.2399997711181640625 1.8999999761581420898 1.4800000190734863281 0.54000002145767211914 0.68000000715255737305 0.50999999046325683594 0.54000002145767211914 0.91000002622604370117 1 1.0900000333786010742 0.51999998092651367188 0.43000000715255737305 0.43999999761581420898 1.0299999713897705078 0.62000000476837158203 0.47999998927116394043 0.37000000476837158203 0.50999999046325683594 0.34000000357627868652 0.37000000476837158203 0.34999999403953552246 0.46999999880790710449 0.43000000715255737305
2.6800000667572021484 4.7199997901916503906 4.4200000762939453125 0.86000001430511474609 0.11999999731779098511 0.41999998688697814941 0.49000000953674316406 0.81999999284744262695 0.93000000715255737305 0.60000002384185791016 0.37999999523162841797 0.47999998927116394043 1.1499999761581420898 4.4800000190734863281 4.7800002098083496094 4.4899997711181640625 1.7799999713897705078 4.1900000572204589844 1.5499999523162841797 1.879999995231628418 1.9299999475479125977 1.870000004768371582 1.0199999809265136719 1.6900000572204589844 0.93999999761581420898 1.0399999618530273438 0.47999998927116394043 0.57999998331069946289 0.46999999880790710449 0.43000000715255737305 0.75999999046325683594 1.1699999570846557617 0.93000000715255737305 0.36000001430511474609 0.34999999403953552246 0.31999999284744262695 0.28000000119209289551 0.23999999463558197021 0.37999999523162841797 0.64999997615814208984 0.81000000238418579102
0.52999997138977050781 1.2000000476837158203 2.6900000572204589844 2.7100000381469726562 0.33000001311302185059 0.31000000238418579102 0.40000000596046447754 0.83999997377395629883 0.80000001192092895508 0.41999998688697814941 0.34999999403953552246 0.37000000476837158203 0.57999998331069946289 2.9300000667572021484 2.0099999904632568359 1.7799999713897705078 2.3599998950958251953 2.4700000286102294922 2.3900001049041748047 1.1499999761581420898 0.81999999284744262695 1.2699999809265136719 1.6699999570846557617 1.7599999904632568359 1.5700000524520874023 0.93000000715255737305 0.93000000715255737305 0.75999999046325683594 0.55000001192092895508 0.64999997615814208984 0.67000001668930053711 0.70999997854232788086 0.55000001192092895508 0.44999998807907104492 0.58999997377395629883 0.55000001192092895508 0.5 0.62999999523162841797 1.2799999713897705078 0.72000002861022949219 1.129999995231628418
0 0.37999999523162841797 4.3200001716613769531 0.81999999284744262695 0.31999999284744262695 0.14000000059604644775 0.37999999523162841797 2.6700000762939453125 1.5 0.88999998569488525391 0.75 0.55000001192092895508 0.69999998807907104492 2.5399999618530273438 3.0799999237060546875 2.5399999618530273438 4.1100001335144042969 0.74000000953674316406 0.66000002622604370117 0.62999999523162841797 0.68999999761581420898 1.2300000190734863281 1.3400000333786010742 1.3400000333786010742 3.3199999332427978516 1.3999999761581420898 1.3999999761581420898 1.370000004768371582 0.82999998331069946289 0.97000002861022949219 0.70999997854232788086 0.50999999046325683594 0.28000000119209289551 0.30000001192092895508 0.33000001311302185059 0.28999999165534973145 0.31000000238418579102 1.2599999904632568359 0.74000000953674316406 0.68000000715255737305 0.46000000834465026855
0 1.8200000524520874023 6.409999847412109375 0.80000001192092895508 0.37000000476837158203 0.20000000298023223877 0.54000002145767211914 2.0999999046325683594 3.5299999713897705078 3.2300000190734863281 2.9200000762939453125 2.8499999046325683594 1.2899999618530273438 1 0.86000001430511474609 0.81000000238418579102 0.72000002861022949219 0.76999998092651367188 0.52999997138977050781 0.60000002384185791016 1.1699999570846557617 1.3099999427795410156 1.379999995231628418 6.1999998092651367188 10.039999961853027344 11.090000152587890625 9.1999998092651367188 5.4000000953674316406 1.3099999427795410156 1.8500000238418579102 2.4800000190734863281 0.75999999046325683594 0.60000002384185791016 0.41999998688697814941 0.15000000596046447754 0.15000000596046447754 0.17000000178813934326 0.23999999463558197021 0.31000000238418579102 0.40999999642372131348 0.050000000745058059692
0.21999999880790710449 0.46999999880790710449 0.73000001907348632812 3.0399999618530273438 2.1700000762939453125 1.0599999427795410156 1.120000004768371582 2.5899999141693115234 4.4699997901916503906 9.43000030517578125 4.0100002288818359375 1.620000004768371582 1.1399999856948852539 1.5800000429153442383 1.4700000286102294922 1.75 2 1.3999999761581420898 1.5199999809265136719 1.9099999666213989258 2.2400000095367431641 1.8999999761581420898 2.5499999523162841797 9.8500003814697265625 19.54000091552734375 24.399999618530273438 23.530000686645507812 11.56999969482421875 4.9699997901916503906 2.3800001144409179688 2.6700000762939453125 2.5 1.9700000286102294922 2.0799999237060546875 0.68000000715255737305 0.40999999642372131348 0.37999999523162841797 0.31999999284744262695 0.33000001311302185059 0.28000000119209289551 0.20999999344348907471
2.5499999523162841797 2.1700000762939453125 4.5799999237060546875 6.8499999046325683594 4.7300000190734863281 3.2200000286102294922 4.1300001144409179688 1.3999999761581420898 2.1600000858306884766 8.7799997329711914062 2.9600000381469726562 1.4299999475479125977 2.2400000095367431641 1.8099999427795410156 1.4600000381469726562 3.8099999427795410156 3.5999999046325683594 2.4300000667572021484 1.9199999570846557617 2.2300000190734863281 2.2699999809265136719 2.8399999141693115234 5.840000152587890625 8.7100000381469726562 23.600000381469726562 36.450000762939453125 32.549999237060546875 18.659999847412109375 14.710000038146972656 14.939999580383300781 14.859999656677246094 14.640000343322753906 11.359999656677246094 5.9400000572204589844 13.609999656677246094 9.9499998092651367188 9.3299999237060546875 8.1300001144409179688 3.2799999713897705078 1.1399999856948852539 2.5299999713897705078
10.159999847412109375 8.2600002288818359375 8.6400003433227539062 11.710000038146972656 7.75 6.2300000190734863281 15.340000152587890625 1.3200000524520874023 1.4600000381469726562 1.6100000143051147461 2.4000000953674316406 3.4300000667572021484 3.0399999618530273438 2.9700000286102294922 5.0700001716613769531 11.840000152587890625 16.739999771118164062 10.93000030517578125 5.7100000381469726562 6.4699997901916503906 5.7399997711181640625 5.8299999237060546875 5.0399999618530273438 9.7399997711181640625 20.870000839233398438 29.010000228881835938 14.979999542236328125 21.479999542236328125 16.219999313354492188 12.670000076293945312 13.25 22.840000152587890625 18.18000030517578125 21.6399993896484375 21.45999908447265625 14.140000343322753906 13.840000152587890625 14.329999923706054688 10.970000267028808594 9.3100004196166992188 14.56999969482421875
21.79000091552734375 16.409999847412109375 14.409999847412109375 21.469999313354492188 8.1499996185302734375 5.1999998092651367188 14.640000343322753906 1.5599999427795410156 1.629999995231628418 1.8200000524520874023 3.2599999904632568359 3.3699998855590820312 4.3499999046325683594 8.0799999237060546875 20.299999237060546875 16.590000152587890625 9.979999542236328125 12.699999809265136719 12.56999969482421875 14.779999732971191406 10.789999961853027344 7.6500000953674316406 8.1700000762939453125 8.3699998855590820312 12.159999847412109375 15.380000114440917969 19.879999160766601562 20.43000030517578125 19.530000686645507812 19.75 11.710000038146972656 14.199999809265136719 15.170000076293945312 4.8499999046325683594 6.9299998283386230469 8.479999542236328125 4.7300000190734863281 4.9499998092651367188 3.8099999427795410156 2.75 4.6100001335144042969
13.539999961853027344 15.760000228881835938 16.200000762939453125 20.170000076293945312 14.739999771118164062 11.359999656677246094 15.760000228881835938 4.4899997711181640625 2.7100000381469726562 1.8500000238418579102 3.7400000095367431641 4.6399998664855957031 4.3299999237060546875 6.4000000953674316406 11.789999961853027344 14.850000381469726562 8.75 9.4200000762939453125 6.2899999618530273438 7.159999847412109375 9 8.31999969482421875 7.8299999237060546875 9.3599996566772460938 9.2799997329711914062 14.489999771118164062 23.370000839233398438 18.93000030517578125 15.470000267028808594 18.079999923706054688 13.510000228881835938 18.780000686645507812 0.80000001192092895508 1.0700000524520874023 3.0399999618530273438 2.1500000953674316406 1.3600000143051147461 1.129999995231628418 0.92000001668930053711 0.46999999880790710449 0.33000001311302185059
9.8100004196166992188 10.579999923706054688 15.460000038146972656 18.989999771118164062 13.970000267028808594 11.090000152587890625 13.560000419616699219 12.93000030517578125 5.1300001144409179688 2 7.6100001335144042969 7.1100001335144042969 4.7199997901916503906 0.50999999046325683594 0 9.6999998092651367188 11.770000457763671875 7.659999847412109375 6.4600000381469726562 8.9399995803833007812 6.5500001907348632812 10.560000419616699219 10.18000030517578125 14.340000152587890625 14.720000267028808594 15.25 22.120000839233398438 16.840000152587890625 13.43000030517578125 24.579999923706054688 23.940000534057617188 17.989999771118164062 3.1700000762939453125 0.76999998092651367188 2.2100000381469726562 1.7100000381469726562 0.93999999761581420898 0.37000000476837158203 0.31999999284744262695 0.27000001072883605957 0.23999999463558197021
4.4899997711181640625 0.31999999284744262695 13.810000419616699219 10.479999542236328125 7.2800002098083496094 6.9600000381469726562 11.739999771118164062 12.890000343322753906 5.0500001907348632812 4.4600000381469726562 10.149999618530273438 12.189999580383300781 3.7400000095367431641 0.34999999403953552246 0.0099999997764825820923 0.77999997138977050781 3.3900001049041748047 6.7100000381469726562 7.6100001335144042969 6.7699999809265136719 6.0399999618530273438 7.0399999618530273438 8.9499998092651367188 14.550000190734863281 15.369999885559082031 15.699999809265136719 22.70999908447265625 19.25 25.409999847412109375 28.469999313354492188 26.04000091552734375 20 10.609999656677246094 0.61000001430511474609 0.82999998331069946289 0.56999999284744262695 0.40000000596046447754 0.30000001192092895508 0.41999998688697814941 0.56000000238418579102 0.28000000119209289551
