examples/data/precip_1.asc
ncols        144
nrows        72
xllcorner    0.000000000000
yllcorner    -90.000000000000
cellsize     2.500000000000
NODATA_value -9.9692099683868690468e+36
[rows 19 to 37 of 72, columns 0 to 40 of 144]
2.9800000190734863281 1.5700000524520874023 2.2599999904632568359 2.7100000381469726562 2.8800001144409179688 4.25 3.75 7.6300001144409179688 4.909999847412109375 2.75 5.2100000381469726562 9.9600000381469726562 10.43000030517578125 7.1399998664855957031 4.6900000572204589844 6.8600001335144042969 8.1000003814697265625 2.9300000667572021484 1.1499999761581420898 0.73000001907348632812 1.1000000238418579102 0.0099999997764825820923 0 0.0099999997764825820923 0 0 0 0 0 0.14000000059604644775 0.36000001430511474609 0 0 0 0 0 0 0 0 0 0
2.5099999904632568359 2.8199999332427978516 2 0.34999999403953552246 1.3300000429153442383 1.1799999475479125977 3.3099999427795410156 4.25 4.5500001907348632812 2.1099998950958251953 10.020000457763671875 7.840000152587890625 5.090000152587890625 5.1500000953674316406 6.0500001907348632812 3.7799999713897705078 2.9700000286102294922 3.0099999904632568359 0.10000000149011611938 0 0.75999999046325683594 0 0 0 0 0 0 0 0 0 0 0 0 0 0 0 0 0 0 0 0
1.0700000524520874023 2.3599998950958251953 1.0399999618530273438 0.52999997138977050781 0.23999999463558197021 0.41999998688697814941 1.9199999570846557617 1.870000004768371582 5.409999847412109375 2.1300001144409179688 3.8499999046325683594 7.4200000762939453125 2.7100000381469726562 5.0500001907348632812 4.1900000572204589844 0.85000002384185791016 0.37999999523162841797 0.93999999761581420898 1.1100000143051147461 0.37999999523162841797 0.0099999997764825820923 0 0 0 0 0 0 0 0 0 0 0 0 0 0 0 0 0 0 0 0
0.10000000149011611938 0.10999999940395355225 0.019999999552965164185 0.0099999997764825820923 0.059999998658895492554 0.050000000745058059692 0.68000000715255737305 0.69999998807907104492 0.40000000596046447754 0.87999999523162841797 1.1399999856948852539 3.7599999904632568359 3.2000000476837158203 2.3599998950958251953 0.46999999880790710449 0.029999999329447746277 0 0.039999999105930328369 0.31999999284744262695 0.27000001072883605957 0 0 0 0 0 0 0 0 0 0 0 0 0 0 0 0.25999999046325683594 0 0 0 0.019999999552965164185 0.0099999997764825820923
0 0 0 0.079999998211860656738 0.37999999523162841797 0.070000000298023223877 0.019999999552965164185 0 0.14000000059604644775 0.079999998211860656738 0 0 0 0.18000000715255737305 0.31999999284744262695 0 0 0 0.059999998658895492554 0.10000000149011611938 0.0099999997764825820923 0 0 0 0 0 0 0 0 0 0 0 0 0 0 0 0.019999999552965164185 0.10000000149011611938 0.019999999552965164185 0.14000000059604644775 0.070000000298023223877
0 0 0 0.039999999105930328369 0.10000000149011611938 0.039999999105930328369 0 0 0 0 0 0 0 0.0099999997764825820923 0 0 0 0 0.029999999329447746277 0.019999999552965164185 0 0 0 0.019999999552965164185 0.019999999552965164185 0 0.059999998658895492554 0 0 0 0 0 0 0 0 0 0 0.019999999552965164185 0.40000000596046447754 0 0.0099999997764825820923
0 0 0 0 0 0 0 0 0 0 0 0 0 0 0 0 0.23999999463558197021 0.019999999552965164185 0.11999999731779098511 0.070000000298023223877 0 0.029999999329447746277 0 0.15999999642372131348 0.30000001192092895508 0.070000000298023223877 0.079999998211860656738 0 0 0 0 0 0 0 0 0 0 0 0 0 0
0 0 0 0 0 0 0 0 0 0 0 0 0 0 0 0.28999999165534973145 0.92000001668930053711 0.40999999642372131348 0.31999999284744262695 0.14000000059604644775 0.029999999329447746277 0 0 0 0.15999999642372131348 0.070000000298023223877 0 0 0 0 0.019999999552965164185 0.029999999329447746277 0 0 0 0 0 0 0 0.0099999997764825820923 0.38999998569488525391
0 0 0 0 0 0 0 0 0 0 0 0 0 0.0099999997764825820923 0.079999998211860656738 2.2100000381469726562 2.9000000953674316406 0.68999999761581420898 0.059999998658895492554 0.079999998211860656738 0.039999999105930328369 0 0 0 0.11999999731779098511 0.029999999329447746277 0.059999998658895492554 0 0 0.11999999731779098511 0.73000001907348632812 0.55000001192092895508 0.079999998211860656738 0 0 0 0 0 0 0.40000000596046447754 1.6900000572204589844
0 0 0 0 0 0 0 0 0 0 0 0 0 0.0099999997764825820923 0.11999999731779098511 0.15000000596046447754 0.66000002622604370117 0.44999998807907104492 0.12999999523162841797 0.039999999105930328369 0 0 0 0 0.18000000715255737305 0.059999998658895492554 0.18999999761581420898 0.27000001072883605957 0.28999999165534973145 0.029999999329447746277 0.30000001192092895508 0.33000001311302185059 0.029999999329447746277 0 0 0.0099999997764825820923 0.039999999105930328369 0 0 0.070000000298023223877 0.070000000298023223877
0 0 0 0 0 0 0 0 0 0 0 0 0 0 0.0099999997764825820923 0.019999999552965164185 0.27000001072883605957 0.090000003576278686523 0.050000000745058059692 0 0 0 0.41999998688697814941 0.88999998569488525391 0.75 0.27000001072883605957 0.33000001311302185059 0.25999999046325683594 0.43000000715255737305 0 0 0 0 0.050000000745058059692 0 0.019999999552965164185 0.20000000298023223877 0 0 0 0
0 0 0 0 0 0 0 0 0 0 0 0 0 0 0 0 0 0 0 0 0.17000000178813934326 1.129999995231628418 1.4500000476837158203 3.3299999237060546875 2.9500000476837158203 1.0599999427795410156 0.38999998569488525391 0.40000000596046447754 0.50999999046325683594 0 0 0 0 0.21999999880790710449 0.019999999552965164185 0.029999999329447746277 0.47999998927116394043 0.46000000834465026855 0.38999998569488525391 0 0
0 0 0 0 0 0 0 0 0 0 0 0 0 0 0 0 0 0 0 0 0 4.409999847412109375 4.6300001144409179688 7.7100000381469726562 4.3800001144409179688 1.5800000429153442383 1.4199999570846557617 1.2000000476837158203 0.44999998807907104492 0.14000000059604644775 0 0 0.18000000715255737305 0.60000002384185791016 0.62999999523162841797 0.91000002622604370117 0.68000000715255737305 0.82999998331069946289 1.0299999713897705078 0.039999999105930328369 0.81000000238418579102
0 0 0 0 0 0 0 0 0 0 0 0 0 0.76999998092651367188 0 0 0 0 0 0 0 8.8599996566772460938 13.579999923706054688 12.31999969482421875 4.5700001716613769531 3 1.9500000476837158203 0.49000000953674316406 0.33000001311302185059 0.14000000059604644775 0 0 0.029999999329447746277 1.4900000095367431641 5.9299998283386230469 7.0599999427795410156 3.1099998950958251953 2.2799999713897705078 1.879999995231628418 2.6800000667572021484 2.9800000190734863281
0 0 0 0 0 0 0 0 0 0 0 0 0 0.50999999046325683594 0.97000002861022949219 0 0 0 0 0 9.8000001907348632812 8.8900003433227539062 14.119999885559082031 6.5399999618530273438 5.6199998855590820312 2.75 1.0900000333786010742 0.43000000715255737305 0.23000000417232513428 0.18999999761581420898 0.14000000059604644775 0.18000000715255737305 0.17000000178813934326 3.4700000286102294922 6.7300000190734863281 9.9700002670288085938 3.9000000953674316406 2.5999999046325683594 1.0800000429153442383 1.879999995231628418 4.9299998283386230469
0.54000002145767211914 0.83999997377395629883 0 0.029999999329447746277 0.019999999552965164185 0 0 0 0.40000000596046447754 0 0.80000001192092895508 0.61000001430511474609 0 0 0 0 0 0 0 0 6.2800002098083496094 4.1999998092651367188 6.6700000762939453125 2.9200000762939453125 5.5300002098083496094 6.0999999046325683594 1.2000000476837158203 0.43000000715255737305 0.34999999403953552246 0.47999998927116394043 0.34000000357627868652 0.44999998807907104492 2.8099999427795410156 4.159999847412109375 1.9500000476837158203 1.870000004768371582 0.5 1.6100000143051147461 5.7899999618530273438 12.020000457763671875 13.390000343322753906
0.93999999761581420898 2.0299999713897705078 0.93000000715255737305 4.6700000762939453125 1.2599999904632568359 0.21999999880790710449 0.10999999940395355225 1.0199999809265136719 2.0399999618530273438 2.25 2.6900000572204589844 1.4500000476837158203 0.019999999552965164185 0 0 0 0 0 0 0.81999999284744262695 1.5900000333786010742 1.0900000333786010742 0.80000001192092895508 1.0499999523162841797 2.5299999713897705078 0.56999999284744262695 2.3800001144409179688 0.37999999523162841797 0.68000000715255737305 0.47999998927116394043 1.1699999570846557617 0.75 6.659999847412109375 5.0700001716613769531 1.7300000190734863281 0.81000000238418579102 1.0099999904632568359 1.1100000143051147461 3.7200000286102294922 11.18000030517578125 8.3599996566772460938
2.0099999904632568359 2.2200000286102294922 2.0099999904632568359 2.6400001049041748047 1.4700000286102294922 2.0699999332427978516 1.6900000572204589844 0.81999999284744262695 1.6799999475479125977 2.3800001144409179688 2.3099999427795410156 0.029999999329447746277 0.43999999761581420898 0.15999999642372131348 0.0099999997764825820923 0 0 0 0.50999999046325683594 0.77999997138977050781 0.31999999284744262695 0.21999999880790710449 0.23000000417232513428 0.28000000119209289551 0.25999999046325683594 0.40999999642372131348 2.8800001144409179688 0.99000000953674316406 1.2000000476837158203 2.1500000953674316406 3.2899999618530273438 3.4600000381469726562 2.8599998950958251953 4.2899999618530273438 2.4600000381469726562 6.9299998283386230469 2.9500000476837158203 3.5099999904632568359 5.0999999046325683594 10.409999847412109375 9.090000152587890625
1.1499999761581420898 2.5399999618530273438 2.9300000667572021484 7.909999847412109375 2.9800000190734863281 3.9300000667572021484 4.9800000190734863281 2.6900000572204589844 0.44999998807907104492 1.2400000095367431641 2.0499999523162841797 2.0999999046325683594 3.1300001144409179688 1.0900000333786010742 0.050000000745058059692 0.059999998658895492554 0 0.56999999284744262695 0.94999998807907104492 1.0099999904632568359 3.4300000667572021484 4.9200000762939453125 1.2599999904632568359 3.2100000381469726562 0.30000001192092895508 0.20000000298023223877 0.14000000059604644775 1.1100000143051147461 1.0499999523162841797 3.5899999141693115234 2.4000000953674316406 1.9500000476837158203 1.3899999856948852539 4.5 5.090000152587890625 4.590000152587890625 2.3399999141693115234 4.8899998664855957031 5.409999847412109375 11.979999542236328125 8.7200002670288085938
