examples/data/precip_1.asc
ncols        144
nrows        72
xllcorner    0.000000000000
yllcorner    -90.000000000000
cellsize     2.500000000000
NODATA_value -9.9692099683868690468e+36
[rows 19 to 37 of 72, columns 82 to 122 of 144]
3.0599999427795410156 2.8900001049041748047 3.1600000858306884766 3.4800000190734863281 5.1300001144409179688 5.5500001907348632812 6.5100002288818359375 6.5500001907348632812 2.4500000476837158203 2.0099999904632568359 1.6599999666213989258 2.7799999713897705078 0.14000000059604644775 0.11999999731779098511 0.23000000417232513428 0.18999999761581420898 0.20000000298023223877 0.43000000715255737305 0.15999999642372131348 0.25999999046325683594 0.44999998807907104492 0.85000002384185791016 0.27000001072883605957 0.5 1.5900000333786010742 2.9100000858306884766 3.5799999237060546875 4.8099999427795410156 7.090000152587890625 7.1700000762939453125 8.1999998092651367188 8.909999847412109375 7.3800001144409179688 8.159999847412109375 3.3099999427795410156 4.3299999237060546875 5.3899998664855957031 3.6400001049041748047 5.8899998664855957031 6.0799999237060546875 2.9400000572204589844
4.2399997711181640625 3.6700000762939453125 4.3299999237060546875 4.5 4.8000001907348632812 2.9200000762939453125 5.6199998855590820312 10.380000114440917969 2.8499999046325683594 2.2899999618530273438 3.7100000381469726562 2.8499999046325683594 0.44999998807907104492 0.43000000715255737305 0.14000000059604644775 0.18999999761581420898 0.029999999329447746277 0.11999999731779098511 0.039999999105930328369 0 0.38999998569488525391 0.75999999046325683594 0.87000000476837158203 0.77999997138977050781 1.5599999427795410156 1.8899999856948852539 3.3299999237060546875 6.7800002098083496094 8.229999542236328125 7.1700000762939453125 7.75 8.2600002288818359375 5.5599999427795410156 2.9600000381469726562 2.2200000286102294922 3.1199998855590820312 4.5399999618530273438 4.340000152587890625 7.4699997901916503906 4.8899998664855957031 1.9600000381469726562
4.2199997901916503906 4.5599999427795410156 4.340000152587890625 4.0599999427795410156 5.6500000953674316406 4.8600001335144042969 6.1500000953674316406 7.2800002098083496094 7.5300002098083496094 6.9400000572204589844 5.4200000762939453125 4.7199997901916503906 3.9800000190734863281 0.60000002384185791016 0.50999999046325683594 0.30000001192092895508 0.090000003576278686523 0 0 0.15000000596046447754 0.44999998807907104492 0.64999997615814208984 1.1799999475479125977 0.91000002622604370117 1.0599999427795410156 3.3199999332427978516 5.7699999809265136719 9.090000152587890625 8.770000457763671875 7.3099999427795410156 6.2100000381469726562 4.2899999618530273438 4.3000001907348632812 2.1600000858306884766 2.4100000858306884766 5.590000152587890625 2.9600000381469726562 6.0199999809265136719 4.3499999046325683594 1.8899999856948852539 1.5800000429153442383
3.7999999523162841797 4.4699997901916503906 3.5599999427795410156 4.1999998092651367188 6.9899997711181640625 8.770000457763671875 5.7100000381469726562 9.4200000762939453125 12.729999542236328125 6.9499998092651367188 3.6199998855590820312 3.9800000190734863281 4.6900000572204589844 1.2100000381469726562 1.4099999666213989258 0.98000001907348632812 0.0099999997764825820923 0 0 0.23000000417232513428 0.73000001907348632812 0.56000000238418579102 0.23999999463558197021 1.2300000190734863281 3 6.5700001716613769531 6.75 5.8800001144409179688 6.9499998092651367188 5.3499999046325683594 2.1300001144409179688 0.75 3.1400001049041748047 2.3099999427795410156 2.8199999332427978516 1.9299999475479125977 4.4000000953674316406 3.5099999904632568359 2.3800001144409179688 1.4800000190734863281 1.4600000381469726562
10.56999969482421875 8.659999847412109375 6.0799999237060546875 8.8500003814697265625 12.43000030517578125 4.8899998664855957031 2.6500000953674316406 11.239999771118164062 6.8600001335144042969 6.7199997901916503906 3.7899999618530273438 2.5399999618530273438 4.659999847412109375 1.870000004768371582 3.6500000953674316406 0.23999999463558197021 0.36000001430511474609 2.4300000667572021484 0.62000000476837158203 0.21999999880790710449 0.20999999344348907471 0.17000000178813934326 1.4700000286102294922 3.3499999046325683594 5.3600001335144042969 8.8999996185302734375 6.659999847412109375 5.2399997711181640625 3.3800001144409179688 3.8699998855590820312 2.5899999141693115234 1.9700000286102294922 3.6600000858306884766 1.9700000286102294922 2.4800000190734863281 2.3599998950958251953 1.1799999475479125977 1.1000000238418579102 0.83999997377395629883 1.2000000476837158203 1.2000000476837158203
10.199999809265136719 7.1100001335144042969 5.7600002288818359375 5.8600001335144042969 3.2899999618530273438 1.7100000381469726562 8.8000001907348632812 12.039999961853027344 4.9000000953674316406 3.6300001144409179688 3.1700000762939453125 2.4100000858306884766 5.340000152587890625 4.7600002288818359375 1.5599999427795410156 0.18000000715255737305 4.7100000381469726562 10.579999923706054688 1.5399999618530273438 0.31000000238418579102 0.059999998658895492554 0.12999999523162841797 1.5399999618530273438 5.1199998855590820312 5.0100002288818359375 5.6199998855590820312 3.4400000572204589844 4.0300002098083496094 3.8800001144409179688 5.3000001907348632812 2.0099999904632568359 2.3800001144409179688 3.8199999332427978516 2.9800000190734863281 3 1.4900000095367431641 0.86000001430511474609 0.63999998569488525391 0.76999998092651367188 1.3500000238418579102 2.7599999904632568359
2.5199999809265136719 5.4200000762939453125 3.1400001049041748047 0.68000000715255737305 1.2000000476837158203 2.2599999904632568359 4.6700000762939453125 4.1799998283386230469 5.9699997901916503906 3.2599999904632568359 2.8299999237060546875 2.5699999332427978516 1.7200000286102294922 1.9700000286102294922 1.0700000524520874023 0.63999998569488525391 3.2100000381469726562 1.1100000143051147461 0.14000000059604644775 0.029999999329447746277 0.079999998211860656738 0.18000000715255737305 0.18000000715255737305 8.090000152587890625 4.909999847412109375 4.4899997711181640625 3.1099998950958251953 4.159999847412109375 2.9400000572204589844 3.9200000762939453125 2.2300000190734863281 2.2000000476837158203 4.840000152587890625 4.3699998855590820312 1.5499999523162841797 0.37000000476837158203 0.44999998807907104492 0.50999999046325683594 1.6100000143051147461 2.4400000572204589844 3.9100000858306884766
0.80000001192092895508 0.40999999642372131348 1.1900000572204589844 1.5599999427795410156 0.67000001668930053711 0.56999999284744262695 2.2599999904632568359 4.0999999046325683594 4.9800000190734863281 3.6600000858306884766 2.2100000381469726562 0.57999998331069946289 1.7100000381469726562 3.0599999427795410156 1.3500000238418579102 0.63999998569488525391 0.87000000476837158203 0 0 0 0 0 0.10999999940395355225 8.8100004196166992188 7.7899999618530273438 4.6399998664855957031 4.9899997711181640625 6.1199998855590820312 3.75 0.51999998092651367188 1.25 3.3099999427795410156 2.3299999237060546875 3.5499999523162841797 1.1699999570846557617 0.23999999463558197021 0.41999998688697814941 0.60000002384185791016 1.5099999904632568359 2.7200000286102294922 3.3199999332427978516
0.73000001907348632812 0.40000000596046447754 0.56000000238418579102 0.43999999761581420898 1.0199999809265136719 0.34999999403953552246 1.7999999523162841797 3.1400001049041748047 2.8499999046325683594 1.1699999570846557617 0.86000001430511474609 0.5 1.3200000524520874023 0.89999997615814208984 0.62999999523162841797 0.23999999463558197021 0.51999998092651367188 0.15000000596046447754 0.0099999997764825820923 0 0 0.12999999523162841797 0.20000000298023223877 0.11999999731779098511 9.25 3.6600000858306884766 7.3600001335144042969 10.699999809265136719 4.1999998092651367188 0.54000002145767211914 2.6099998950958251953 3.8699998855590820312 2.3599998950958251953 2.1400001049041748047 1.25 0.55000001192092895508 0.43000000715255737305 0.72000002861022949219 0.87000000476837158203 1.8600000143051147461 1.9400000572204589844
0.30000001192092895508 0.18999999761581420898 0.61000001430511474609 0.20000000298023223877 1.25 0.86000001430511474609 2.1300001144409179688 0.41999998688697814941 5.7899999618530273438 2.7300000190734863281 1.9299999475479125977 4.7199997901916503906 0.41999998688697814941 0.91000002622604370117 0.75 0.50999999046325683594 0.79000002145767211914 0.34000000357627868652 0.059999998658895492554 0 0 0 0.029999999329447746277 0.23000000417232513428 0.41999998688697814941 3.1300001144409179688 8.68000030517578125 8.7899999618530273438 10.340000152587890625 8.6000003814697265625 3.2300000190734863281 2.2899999618530273438 1.7000000476837158203 3.3499999046325683594 2.4300000667572021484 0.68000000715255737305 0.51999998092651367188 0.64999997615814208984 0.91000002622604370117 0.91000002622604370117 1.2100000381469726562
0.070000000298023223877 0.029999999329447746277 0.079999998211860656738 0.38999998569488525391 1.129999995231628418 2.7599999904632568359 4.6399998664855957031 2.9400000572204589844 1.1599999666213989258 4.2399997711181640625 5.6799998283386230469 5.3299999237060546875 2.4900000095367431641 1.1100000143051147461 1.1699999570846557617 1.3600000143051147461 1.870000004768371582 0.25999999046325683594 0.18000000715255737305 0.10999999940395355225 0.15000000596046447754 0 0.0099999997764825820923 0.0099999997764825820923 0.059999998658895492554 0.20000000298023223877 2.0199999809265136719 1.8300000429153442383 3.8299999237060546875 4.7899999618530273438 3.3199999332427978516 0.86000001430511474609 0.83999997377395629883 1.0700000524520874023 1.1699999570846557617 0.70999997854232788086 0.33000001311302185059 0.46000000834465026855 0.40999999642372131348 0.69999998807907104492 1.370000004768371582
0.090000003576278686523 0.20999999344348907471 0.31999999284744262695 0.37000000476837158203 1.4299999475479125977 2.2400000095367431641 6.909999847412109375 3.2999999523162841797 1.4500000476837158203 2.5899999141693115234 3.0699999332427978516 4.9899997711181640625 4.8600001335144042969 2.4100000858306884766 0.64999997615814208984 0.23000000417232513428 0.31999999284744262695 0.27000001072883605957 0.34000000357627868652 0.20999999344348907471 0.38999998569488525391 0.25999999046325683594 0.25 0.25 0.31999999284744262695 0.0099999997764825820923 0.17000000178813934326 0.81999999284744262695 0.91000002622604370117 1.6100000143051147461 1.5199999809265136719 0.69999998807907104492 0.56999999284744262695 0.58999997377395629883 1.2799999713897705078 0.54000002145767211914 0.50999999046325683594 0.62999999523162841797 0.37999999523162841797 0.40000000596046447754 0.5
0.18000000715255737305 0.76999998092651367188 0.20999999344348907471 0.25999999046325683594 1.6799999475479125977 5.159999847412109375 6.7300000190734863281 3.4000000953674316406 2.6400001049041748047 2.2999999523162841797 3.7599999904632568359 4.6900000572204589844 8.9600000381469726562 3.4400000572204589844 2.2599999904632568359 1.3899999856948852539 2.5599999427795410156 0.76999998092651367188 0.62000000476837158203 0.46000000834465026855 0.47999998927116394043 0.43000000715255737305 0.43000000715255737305 0.37999999523162841797 0.43000000715255737305 0.27000001072883605957 0.44999998807907104492 0.029999999329447746277 0 0.97000002861022949219 0.98000001907348632812 0 0 0.20999999344348907471 0.17000000178813934326 0 0.0099999997764825820923 0.66000002622604370117 1.2100000381469726562 1.7899999618530273438 0.86000001430511474609
1.5599999427795410156 2.0599999427795410156 4.5799999237060546875 1.8600000143051147461 6.1199998855590820312 11.029999732971191406 10.31999969482421875 11.289999961853027344 16.840000152587890625 10.479999542236328125 13.460000038146972656 10.770000457763671875 10.949999809265136719 6.8200001716613769531 8.6099996566772460938 5.159999847412109375 5.8899998664855957031 3.7799999713897705078 2.3599998950958251953 1.2899999618530273438 0.91000002622604370117 2.7699999809265136719 0.61000001430511474609 0.55000001192092895508 0.28999999165534973145 0.23000000417232513428 0.66000002622604370117 0.56999999284744262695 0 0.019999999552965164185 0 0 0 0 0 0 0 0.23999999463558197021 3.6199998855590820312 5.7300000190734863281 7.6799998283386230469
11.289999961853027344 9.5600004196166992188 10.840000152587890625 8.4899997711181640625 9.770000457763671875 10.390000343322753906 13.869999885559082031 7.2300000190734863281 7.5100002288818359375 9.909999847412109375 9.909999847412109375 13.659999847412109375 17.469999313354492188 10.449999809265136719 8.2600002288818359375 8.9499998092651367188 8.3100004196166992188 8.0799999237060546875 5.7899999618530273438 9.9600000381469726562 7.409999847412109375 7.1300001144409179688 3.6500000953674316406 3.6900000572204589844 3.0899999141693115234 0.95999997854232788086 0.81999999284744262695 1.5800000429153442383 0.74000000953674316406 0.68000000715255737305 0.039999999105930328369 0.11999999731779098511 0.029999999329447746277 0 0.38999998569488525391 0.34999999403953552246 0.47999998927116394043 2.4300000667572021484 9.3500003814697265625 7.1799998283386230469 6.1700000762939453125
7.6500000953674316406 2.0899999141693115234 2.1800000667572021484 0.81000000238418579102 0.98000001907348632812 1.1900000572204589844 0.82999998331069946289 0.74000000953674316406 3.1700000762939453125 5.5199999809265136719 0.92000001668930053711 1.5399999618530273438 2.2200000286102294922 1.5800000429153442383 1.7300000190734863281 3.3599998950958251953 6.3000001907348632812 3.6199998855590820312 6.3499999046325683594 10.81999969482421875 11.090000152587890625 8.6099996566772460938 6.9899997711181640625 6.0700001716613769531 8.2899999618530273438 3.1500000953674316406 3.3800001144409179688 3 1.5900000333786010742 3.7699999809265136719 0.039999999105930328369 0.40000000596046447754 0.090000003576278686523 0.34000000357627868652 2.5 2.7200000286102294922 1.8300000429153442383 0.40999999642372131348 4.5100002288818359375 8.0500001907348632812 3.0899999141693115234
0.62999999523162841797 0.40999999642372131348 0.37999999523162841797 0.21999999880790710449 0.15999999642372131348 0.75 3.9400000572204589844 4.5 4.2100000381469726562 0.079999998211860656738 1.4099999666213989258 0.090000003576278686523 0.050000000745058059692 0.050000000745058059692 0.079999998211860656738 0.10000000149011611938 0.18000000715255737305 0.57999998331069946289 0.94999998807907104492 0.87999999523162841797 1.7300000190734863281 0.95999997854232788086 2.4300000667572021484 1.3999999761581420898 2.75 4.0700001716613769531 1.0800000429153442383 0.69999998807907104492 4.3099999427795410156 8.7399997711181640625 0.31000000238418579102 0.019999999552965164185 1.5199999809265136719 2.7899999618530273438 7.0100002288818359375 7.4899997711181640625 5.7600002288818359375 3.0399999618530273438 2.6800000667572021484 1.5299999713897705078 0.80000001192092895508
0.23000000417232513428 0.23999999463558197021 0.23000000417232513428 0.20000000298023223877 0.10999999940395355225 0.11999999731779098511 0.12999999523162841797 0.17000000178813934326 0.15000000596046447754 0.10999999940395355225 0.11999999731779098511 0.070000000298023223877 0.059999998658895492554 0.039999999105930328369 0.029999999329447746277 0.029999999329447746277 0.039999999105930328369 0.059999998658895492554 0.059999998658895492554 0.029999999329447746277 0.11999999731779098511 0.090000003576278686523 0.14000000059604644775 0.070000000298023223877 0.28000000119209289551 0.41999998688697814941 0.33000001311302185059 0.52999997138977050781 2.6600000858306884766 4.6199998855590820312 1.2899999618530273438 1.4299999475479125977 2.3900001049041748047 5.1100001335144042969 7.8899998664855957031 8.43000030517578125 9.4700002670288085938 5.6700000762939453125 3.9900000095367431641 2.7899999618530273438 0.92000001668930053711
0.28000000119209289551 0.33000001311302185059 0.28999999165534973145 0.20999999344348907471 0.15999999642372131348 0.28999999165534973145 0.20000000298023223877 0.20000000298023223877 0.18999999761581420898 0.20000000298023223877 0.17000000178813934326 0.10999999940395355225 0.079999998211860656738 0.059999998658895492554 0.050000000745058059692 0.029999999329447746277 0.039999999105930328369 0.059999998658895492554 0.070000000298023223877 0.079999998211860656738 0.10999999940395355225 0.11999999731779098511 0.090000003576278686523 0.050000000745058059692 0.050000000745058059692 0.079999998211860656738 0.14000000059604644775 0.12999999523162841797 0.89999997615814208984 0.059999998658895492554 0.20999999344348907471 2.2100000381469726562 5.0100002288818359375 11.920000076293945312 10.960000038146972656 10.380000114440917969 3.4700000286102294922 3.9500000476837158203 1.9500000476837158203 2.4300000667572021484 1.870000004768371582
